 3.00  2300.  0.0   0.49882  0.39529  0.08490  0.02036
 3.50  2300.  0.0   0.54372  0.33056  0.06635  0.01120
 4.00  2300.  0.0   0.56340  0.30272  0.05016  0.00869
 4.50  2300.  0.0   0.57614  0.27909  0.03979  0.00726
 5.00  2300.  0.0   0.59799  0.25839  0.02995  0.00558
 5.50  2300.  0.0   0.54665  0.27790  0.02257  0.01172
 6.00  2300.  0.0   0.51816  0.30176  0.01723  0.01304
 3.00  2400.  0.0   0.44556  0.44841  0.08306  0.03266
 3.50  2400.  0.0   0.50141  0.38669  0.06588  0.01724
 4.00  2400.  0.0   0.55539  0.32872  0.04944  0.00983
 4.50  2400.  0.0   0.57532  0.30488  0.03914  0.00758
 5.00  2400.  0.0   0.57905  0.29657  0.02971  0.00567
 5.50  2400.  0.0   0.57612  0.29035  0.02251  0.00675
 6.00  2400.  0.0   0.54562  0.30254  0.01731  0.00927
 3.00  2500.  0.0   0.41159  0.44601  0.09384  0.02227
 3.50  2500.  0.0   0.44443  0.43358  0.06454  0.02471
 4.00  2500.  0.0   0.50136  0.38405  0.04841  0.01598
 4.50  2500.  0.0   0.54969  0.33996  0.03870  0.01026
 5.00  2500.  0.0   0.58042  0.31238  0.02931  0.00684
 5.50  2500.  0.0   0.55681  0.32419  0.02243  0.00619
 6.00  2500.  0.0   0.54554  0.31982  0.01701  0.00844
 3.00  2600.  0.0   0.37235  0.46076  0.09703  0.02743
 3.50  2600.  0.0   0.40029  0.44672  0.07513  0.02354
 4.00  2600.  0.0   0.43694  0.43499  0.04844  0.02483
 4.50  2600.  0.0   0.49946  0.38943  0.03796  0.01453
 5.00  2600.  0.0   0.53607  0.36121  0.02907  0.01009
 5.50  2600.  0.0   0.56094  0.33500  0.02209  0.00705
 6.00  2600.  0.0   0.57482  0.31166  0.01678  0.00604
 3.00  2700.  0.0   0.35925  0.45185  0.10017  0.02665
 3.50  2700.  0.0   0.36477  0.45137  0.07749  0.02561
 4.00  2700.  0.0   0.39270  0.44568  0.05585  0.02449
 4.50  2700.  0.0   0.43338  0.42851  0.04290  0.02083
 5.00  2700.  0.0   0.48650  0.39933  0.02856  0.01622
 5.50  2700.  0.0   0.52598  0.36855  0.02176  0.01162
 6.00  2700.  0.0   0.54995  0.34454  0.01660  0.00874
 3.00  2800.  0.0   0.35902  0.44936  0.10354  0.03020
 3.50  2800.  0.0   0.34562  0.44909  0.08048  0.02698
 4.00  2800.  0.0   0.35600  0.45178  0.05946  0.02733
 4.50  2800.  0.0   0.38466  0.44644  0.04481  0.02577
 5.00  2800.  0.0   0.42675  0.43019  0.03217  0.02217
 5.50  2800.  0.0   0.46425  0.41011  0.02130  0.01956
 3.00  2900.  0.0   0.38707  0.42128  0.10470  0.02488
 3.50  2900.  0.0   0.34487  0.43959  0.08098  0.02694
 4.00  2900.  0.0   0.33517  0.44907  0.05925  0.02845
 4.50  2900.  0.0   0.34681  0.45462  0.04381  0.02974
 5.00  2900.  0.0   0.37693  0.44575  0.03228  0.02750
 5.50  2900.  0.0   0.41873  0.42710  0.02432  0.02415
 6.00  2900.  0.0   0.45786  0.40849  0.01780  0.01969
 3.00  3000.  0.0   0.43117  0.38867  0.10243  0.02181
 3.50  3000.  0.0   0.36327  0.42009  0.07929  0.02440
 4.00  3000.  0.0   0.32747  0.44391  0.05811  0.02942
 4.50  3000.  0.0   0.32255  0.45548  0.04480  0.03129
 5.50  3000.  0.0   0.37173  0.44124  0.02448  0.02812
 6.00  3000.  0.0   0.40980  0.42253  0.01771  0.02469
 3.00  3100.  0.0   0.49045  0.35211  0.10290  0.02067
 3.50  3100.  0.0   0.39507  0.40051  0.07994  0.02285
 4.00  3100.  0.0   0.33620  0.43134  0.05989  0.02720
 4.50  3100.  0.0   0.31092  0.44846  0.04576  0.02979
 5.00  3100.  0.0   0.30868  0.45832  0.03353  0.03192
 5.50  3100.  0.0   0.32900  0.45469  0.02477  0.03076
 6.00  3100.  0.0   0.36483  0.43697  0.01817  0.02785
 3.00  3200.  0.0   0.57612  0.28760  0.10418  0.01599
 3.50  3200.  0.0   0.43986  0.37267  0.08282  0.02030
 4.00  3200.  0.0   0.35668  0.41471  0.06206  0.02395
 4.50  3200.  0.0   0.30727  0.44292  0.04796  0.02872
 5.00  3200.  0.0   0.28682  0.45887  0.03423  0.03202
 5.50  3200.  0.0   0.29245  0.46346  0.02495  0.03250
 6.00  3200.  0.0   0.31976  0.45392  0.01835  0.03003
 3.00  3300.  0.0   0.64042  0.21989  0.10967  0.01461
 3.50  3300.  0.0   0.49088  0.32923  0.08591  0.01633
 4.00  3300.  0.0   0.38191  0.39298  0.06402  0.02032
 4.50  3300.  0.0   0.31173  0.43256  0.04935  0.02571
 5.00  3300.  0.0   0.27175  0.45819  0.03569  0.03168
 5.50  3300.  0.0   0.26077  0.46951  0.02586  0.03434
 6.00  3300.  0.0   0.27371  0.46984  0.01883  0.03427
 3.00  3400.  0.0   0.65614  0.17946  0.11260  0.01803
 3.50  3400.  0.0   0.52828  0.28753  0.08615  0.01620
 4.00  3400.  0.0   0.40332  0.37144  0.06372  0.01787
 4.50  3400.  0.0   0.31562  0.42435  0.04961  0.02389
 5.00  3400.  0.0   0.26320  0.45300  0.03634  0.02976
 5.50  3400.  0.0   0.23730  0.47213  0.02666  0.03543
 6.00  3400.  0.0   0.23512  0.48144  0.01935  0.03824
 3.00  3500.  0.0   0.70629  0.11956  0.11418  0.01644
 3.50  3500.  0.0   0.55943  0.23855  0.08766  0.01245
 4.00  3500.  0.0   0.41705  0.34886  0.06463  0.01576
 4.50  3500.  0.0   0.31830  0.41447  0.04961  0.02192
 5.00  3500.  0.0   0.25473  0.45018  0.03630  0.02930
 5.50  3500.  0.0   0.22031  0.47058  0.02693  0.03572
 6.00  3500.  0.0   0.20786  0.48473  0.01978  0.04089
 3.00  3600.  0.0   0.76859  0.03466  0.11831  0.00846
 3.50  3600.  0.0   0.59617  0.19470  0.08956  0.01022
 4.00  3600.  0.0   0.43571  0.32040  0.06617  0.01305
 4.50  3600.  0.0   0.32255  0.39934  0.05096  0.01928
 5.00  3600.  0.0   0.25108  0.44225  0.03691  0.02777
 5.50  3600.  0.0   0.20900  0.46648  0.02703  0.03555
 6.00  3600.  0.0   0.18779  0.48295  0.02013  0.04277
 3.00  3700.  0.0   0.78135  0.02640  0.11957  0.00944
 3.50  3700.  0.0   0.64964  0.13681  0.09190  0.00782
 4.00  3700.  0.0   0.46748  0.28601  0.06712  0.01176
 4.50  3700.  0.0   0.33191  0.38218  0.05184  0.01826
 5.00  3700.  0.0   0.25071  0.43297  0.03766  0.02672
 5.50  3700.  0.0   0.20411  0.45660  0.02770  0.03407
 6.00  3700.  0.0   0.17623  0.47711  0.02038  0.04323
 3.00  3800.  0.0   0.78028  0.02686  0.12182  0.00676
 3.50  3800.  0.0   0.69495  0.09700  0.09262  0.00685
 4.00  3800.  0.0   0.52074  0.23812  0.06773  0.00997
 4.50  3800.  0.0   0.35721  0.35586  0.05243  0.01716
 5.00  3800.  0.0   0.25920  0.41404  0.03871  0.02471
 5.50  3800.  0.0   0.20379  0.44561  0.02818  0.03303
 6.00  3800.  0.0   0.17072  0.46790  0.02053  0.04284
 3.00  3900.  0.0   0.76999  0.03347  0.12394  0.00527
 3.50  3900.  0.0   0.74231  0.04001  0.09448  0.00383
 4.00  3900.  0.0   0.57498  0.18082  0.06910  0.00798
 4.50  3900.  0.0   0.40105  0.31253  0.05289  0.01486
 5.00  3900.  0.0   0.28046  0.39304  0.03910  0.02322
 5.50  3900.  0.0   0.21159  0.42919  0.02857  0.03103
 6.00  3900.  0.0   0.17272  0.45472  0.02086  0.04058
 3.00  4000.  0.0   0.75382  0.05227  0.12305  0.00531
 3.50  4000.  0.0   0.74956  0.03814  0.09381  0.00532
 4.00  4000.  0.0   0.63458  0.12771  0.06952  0.00588
 4.50  4000.  0.0   0.46059  0.26183  0.05325  0.01248
 5.00  4000.  0.0   0.31679  0.35891  0.03896  0.02066
 5.50  4000.  0.0   0.22905  0.41072  0.02886  0.02874
 6.00  4000.  0.0   0.18154  0.43487  0.02116  0.03641
 3.00  4100.  0.0   0.73521  0.07375  0.12329  0.00647
 3.50  4100.  0.0   0.73419  0.05304  0.09420  0.00513
 4.00  4100.  0.0   0.68587  0.08325  0.06911  0.00414
 4.50  4100.  0.0   0.53445  0.20622  0.05289  0.00907
 5.00  4100.  0.0   0.37203  0.31415  0.03923  0.01664
 5.50  4100.  0.0   0.25862  0.38723  0.02875  0.02595
 6.00  4100.  0.0   0.19628  0.41980  0.02113  0.03319
 3.00  4200.  0.0   0.72268  0.08185  0.12228  0.00609
 3.50  4200.  0.0   0.71859  0.06602  0.09349  0.00529
 4.00  4200.  0.0   0.71336  0.05735  0.06941  0.00401
 4.50  4200.  0.0   0.59651  0.14976  0.05320  0.00630
 5.00  4200.  0.0   0.43677  0.26471  0.03896  0.01299
 5.50  4200.  0.0   0.30583  0.34225  0.02908  0.01930
 6.00  4200.  0.0   0.21987  0.39980  0.02136  0.02945
 3.00  4300.  0.0   0.71090  0.08997  0.12259  0.00610
 3.50  4300.  0.0   0.70619  0.07389  0.09383  0.00496
 4.00  4300.  0.0   0.70342  0.06219  0.06894  0.00445
 4.50  4300.  0.0   0.64791  0.11055  0.05285  0.00454
 5.00  4300.  0.0   0.50833  0.21642  0.03869  0.00950
 5.50  4300.  0.0   0.35998  0.31718  0.02881  0.01831
 6.00  4300.  0.0   0.25362  0.37503  0.02130  0.02565
 3.00  4400.  0.0   0.69962  0.09637  0.12162  0.00563
 3.50  4400.  0.0   0.69461  0.08138  0.09317  0.00501
 4.00  4400.  0.0   0.69315  0.06949  0.06848  0.00473
 4.50  4400.  0.0   0.67950  0.07803  0.05255  0.00379
 5.00  4400.  0.0   0.57145  0.15948  0.03901  0.00580
 5.50  4400.  0.0   0.42420  0.26757  0.02867  0.01379
 6.00  4400.  0.0   0.29848  0.35203  0.02120  0.02228
 3.00  4500.  0.0   0.68684  0.10354  0.12081  0.00551
 3.50  4500.  0.0   0.68179  0.09130  0.09257  0.00534
 4.00  4500.  0.0   0.68166  0.07665  0.06808  0.00463
 4.50  4500.  0.0   0.67679  0.07477  0.05294  0.00391
 5.00  4500.  0.0   0.61791  0.12858  0.03877  0.00414
 5.50  4500.  0.0   0.48941  0.22544  0.02852  0.00999
 6.00  4500.  0.0   0.35412  0.31134  0.02115  0.01753
 3.00  4600.  0.0   0.66714  0.12482  0.11885  0.00675
 3.50  4600.  0.0   0.67006  0.09869  0.09215  0.00501
 4.00  4600.  0.0   0.66990  0.08476  0.06785  0.00467
 4.50  4600.  0.0   0.66474  0.08238  0.05278  0.00382
 5.00  4600.  0.0   0.64621  0.10008  0.03868  0.00333
 5.50  4600.  0.0   0.54554  0.18054  0.02846  0.00631
 6.00  4600.  0.0   0.41343  0.27118  0.02139  0.01368
 3.00  4700.  0.0   0.65247  0.13466  0.11853  0.00690
 3.50  4700.  0.0   0.65580  0.11012  0.09208  0.00540
 4.00  4700.  0.0   0.65896  0.09240  0.06778  0.00464
 4.50  4700.  0.0   0.65275  0.09097  0.05287  0.00390
 5.00  4700.  0.0   0.64517  0.09638  0.03875  0.00366
 5.50  4700.  0.0   0.58595  0.15202  0.02843  0.00436
 6.00  4700.  0.0   0.46973  0.23785  0.02133  0.00995
 3.00  4800.  0.0   0.63757  0.14402  0.11896  0.00704
 3.50  4800.  0.0   0.64151  0.12002  0.09243  0.00549
 4.00  4800.  0.0   0.64571  0.10174  0.06820  0.00469
 4.50  4800.  0.0   0.63980  0.10094  0.05315  0.00404
 5.00  4800.  0.0   0.63884  0.09870  0.03898  0.00369
 5.50  4800.  0.0   0.61252  0.12395  0.02862  0.00290
 6.00  4800.  0.0   0.51956  0.19621  0.02149  0.00573
 3.00  4900.  0.0   0.62438  0.15203  0.11995  0.00715
 3.50  4900.  0.0   0.62853  0.12722  0.09331  0.00532
 4.00  4900.  0.0   0.63276  0.10916  0.06898  0.00457
 4.50  4900.  0.0   0.62686  0.11118  0.05365  0.00401
 5.00  4900.  0.0   0.62625  0.10809  0.03931  0.00371
 5.50  4900.  0.0   0.61258  0.12055  0.02878  0.00355
 6.00  4900.  0.0   0.54768  0.18157  0.02141  0.00482
 3.00  5100.  0.0   0.60613  0.15640  0.13036  0.00651
 3.50  5100.  0.0   0.60673  0.13395  0.10018  0.00520
 4.00  5100.  0.0   0.59327  0.13604  0.07408  0.00459
 4.50  5100.  0.0   0.59377  0.12944  0.05792  0.00395
 5.00  5100.  0.0   0.59290  0.12707  0.04264  0.00378
 5.50  5100.  0.0   0.59207  0.12430  0.03152  0.00344
 6.00  5100.  0.0   0.56617  0.14989  0.02337  0.00339
 3.00  5200.  0.0   0.60080  0.15565  0.13078  0.00595
 3.50  5200.  0.0   0.59852  0.13721  0.10056  0.00546
 4.00  5200.  0.0   0.58114  0.14375  0.07434  0.00476
 4.50  5200.  0.0   0.58128  0.13712  0.05808  0.00394
 5.00  5200.  0.0   0.57992  0.13559  0.04277  0.00378
 5.50  5200.  0.0   0.57944  0.13256  0.03159  0.00342
 6.00  5200.  0.0   0.55622  0.15676  0.02339  0.00352
 3.00  5300.  0.0   0.59493  0.15442  0.13146  0.00569
 3.50  5300.  0.0   0.57141  0.16162  0.10117  0.00538
 4.00  5300.  0.0   0.56961  0.15010  0.07470  0.00468
 4.50  5300.  0.0   0.56892  0.14444  0.05830  0.00391
 5.00  5300.  0.0   0.56674  0.14365  0.04299  0.00375
 5.50  5300.  0.0   0.55965  0.15050  0.03156  0.00352
 6.00  5300.  0.0   0.54186  0.16549  0.02358  0.00340
 3.00  5400.  0.0   0.58927  0.15633  0.13227  0.00570
 3.50  5400.  0.0   0.56443  0.16249  0.10173  0.00485
 4.00  5400.  0.0   0.56045  0.15339  0.07525  0.00435
 4.50  5400.  0.0   0.55727  0.15114  0.05867  0.00397
 5.00  5400.  0.0   0.55554  0.14789  0.04332  0.00348
 5.50  5400.  0.0   0.53120  0.17119  0.03187  0.00348
 6.00  5400.  0.0   0.52583  0.17614  0.02369  0.00335
 3.00  5500.  0.0   0.57768  0.16552  0.13561  0.00633
 3.50  5500.  0.0   0.55391  0.17157  0.10353  0.00513
 4.00  5500.  0.0   0.54984  0.16017  0.07631  0.00432
 4.50  5500.  0.0   0.54643  0.15603  0.05939  0.00380
 5.00  5500.  0.0   0.54352  0.15498  0.04374  0.00343
 5.50  5500.  0.0   0.51589  0.18145  0.03199  0.00362
 6.00  5500.  0.0   0.51075  0.18556  0.02383  0.00336
 3.00  5600.  0.0   0.55282  0.19106  0.13641  0.00541
 3.50  5600.  0.0   0.54595  0.17509  0.10452  0.00486
 4.00  5600.  0.0   0.53970  0.16673  0.07697  0.00444
 4.50  5600.  0.0   0.53613  0.16162  0.05989  0.00370
 5.00  5600.  0.0   0.50900  0.18378  0.04400  0.00353
 5.50  5600.  0.0   0.50115  0.18932  0.03230  0.00340
 6.00  5600.  0.0   0.49494  0.19558  0.02395  0.00338
 3.00  5700.  0.0   0.54466  0.19699  0.13790  0.00570
 3.50  5700.  0.0   0.53771  0.18032  0.10544  0.00506
 4.00  5700.  0.0   0.53203  0.16906  0.07763  0.00408
 4.50  5700.  0.0   0.52677  0.16656  0.06025  0.00359
 5.00  5700.  0.0   0.49578  0.19150  0.04424  0.00350
 5.50  5700.  0.0   0.48698  0.19765  0.03246  0.00341
 6.00  5700.  0.0   0.48085  0.20344  0.02406  0.00335
 3.00  5800.  0.0   0.53711  0.20280  0.13948  0.00544
 3.50  5800.  0.0   0.53306  0.18531  0.10718  0.00498
 4.00  5800.  0.0   0.52283  0.17449  0.07820  0.00404
 4.50  5800.  0.0   0.49346  0.19469  0.06060  0.00372
 5.00  5800.  0.0   0.48225  0.19976  0.04447  0.00346
 5.50  5800.  0.0   0.47294  0.20592  0.03261  0.00335
 6.00  5800.  0.0   0.46670  0.21149  0.02416  0.00331
 3.00  5900.  0.0   0.52946  0.20903  0.14058  0.00580
 3.50  5900.  0.0   0.52263  0.18920  0.10720  0.00485
 4.00  5900.  0.0   0.51508  0.17850  0.07872  0.00401
 4.50  5900.  0.0   0.48745  0.19796  0.06111  0.00347
 5.00  5900.  0.0   0.46997  0.20671  0.04469  0.00339
 5.50  5900.  0.0   0.46506  0.20974  0.03274  0.00319
 6.00  5900.  0.0   0.45406  0.21764  0.02428  0.00321
 3.00  6000.  0.0   0.52243  0.21405  0.14163  0.00569
 3.50  6000.  0.0   0.51613  0.19255  0.10793  0.00473
 4.00  6000.  0.0   0.50706  0.18335  0.07918  0.00415
 4.50  6000.  0.0   0.47214  0.20652  0.06126  0.00363
 5.00  6000.  0.0   0.45878  0.21247  0.04493  0.00336
 5.50  6000.  0.0   0.44842  0.21862  0.03294  0.00322
 6.00  6000.  0.0   0.44575  0.22143  0.02429  0.00315
 3.00  6100.  0.0   0.51690  0.21694  0.14268  0.00534
 3.50  6100.  0.0   0.51061  0.19691  0.10900  0.00463
 4.00  6100.  0.0   0.50305  0.18571  0.07974  0.00404
 4.50  6100.  0.0   0.46267  0.21177  0.06158  0.00375
 5.00  6100.  0.0   0.45161  0.21667  0.04510  0.00335
 5.50  6100.  0.0   0.43735  0.22439  0.03310  0.00325
 6.00  6100.  0.0   0.41371  0.24544  0.02440  0.00346
 3.00  6200.  0.0   0.50894  0.22443  0.14395  0.00565
 3.50  6200.  0.0   0.50194  0.20240  0.10948  0.00487
 4.00  6200.  0.0   0.49672  0.18815  0.08016  0.00386
 4.50  6200.  0.0   0.45300  0.21713  0.06193  0.00374
 5.00  6200.  0.0   0.44105  0.22211  0.04532  0.00331
 5.50  6200.  0.0   0.40977  0.24690  0.03324  0.00355
 6.00  6200.  0.0   0.39356  0.25711  0.02450  0.00371
 3.00  6300.  0.0   0.50279  0.22934  0.14550  0.00552
 3.50  6300.  0.0   0.49802  0.20385  0.11120  0.00439
 4.00  6300.  0.0   0.48867  0.19179  0.08069  0.00386
 4.50  6300.  0.0   0.44650  0.22083  0.06237  0.00360
 5.00  6300.  0.0   0.42904  0.22680  0.04573  0.00323
 5.50  6300.  0.0   0.39391  0.25535  0.03332  0.00387
 6.00  6300.  0.0   0.37980  0.26500  0.02464  0.00388
 3.00  6400.  0.0   0.49653  0.23455  0.14694  0.00546
 3.50  6400.  0.0   0.49237  0.20674  0.11190  0.00435
 4.00  6400.  0.0   0.48379  0.19432  0.08145  0.00395
 4.50  6400.  0.0   0.43773  0.22432  0.06288  0.00360
 5.00  6400.  0.0   0.42073  0.23156  0.04599  0.00340
 5.50  6400.  0.0   0.38022  0.26222  0.03368  0.00398
 6.00  6400.  0.0   0.36696  0.27190  0.02479  0.00398
 3.00  6500.  0.0   0.48959  0.24078  0.14813  0.00545
 3.50  6500.  0.0   0.48498  0.21277  0.11395  0.00432
 4.00  6500.  0.0   0.47812  0.19786  0.08234  0.00393
 4.50  6500.  0.0   0.43272  0.22695  0.06356  0.00355
 5.00  6500.  0.0   0.41369  0.23462  0.04636  0.00340
 5.50  6500.  0.0   0.37240  0.26596  0.03379  0.00399
 6.00  6500.  0.0   0.35677  0.27537  0.02494  0.00404
 3.00  6600.  0.0   0.48317  0.24548  0.14912  0.00511
 3.50  6600.  0.0   0.47939  0.21740  0.11440  0.00449
 4.00  6600.  0.0   0.47292  0.20058  0.08337  0.00384
 4.50  6600.  0.0   0.42591  0.23047  0.06421  0.00368
 5.00  6600.  0.0   0.40723  0.23731  0.04682  0.00341
 5.50  6600.  0.0   0.36203  0.27053  0.03425  0.00406
 6.00  6600.  0.0   0.34575  0.28072  0.02518  0.00415
 3.00  6700.  0.0   0.47581  0.25271  0.14974  0.00535
 3.50  6700.  0.0   0.47154  0.22306  0.11658  0.00429
 4.00  6700.  0.0   0.46804  0.20355  0.08443  0.00381
 4.50  6700.  0.0   0.41978  0.23401  0.06504  0.00364
 5.00  6700.  0.0   0.40117  0.23991  0.04737  0.00334
 5.50  6700.  0.0   0.35464  0.27360  0.03462  0.00412
 6.00  6700.  0.0   0.33585  0.28554  0.02545  0.00426
 3.00  6800.  0.0   0.46711  0.25964  0.14990  0.00522
 3.50  6800.  0.0   0.46365  0.22924  0.11765  0.00436
 4.00  6800.  0.0   0.46243  0.20723  0.08545  0.00379
 4.50  6800.  0.0   0.41426  0.23702  0.06590  0.00354
 5.00  6800.  0.0   0.39522  0.24325  0.04805  0.00332
 5.50  6800.  0.0   0.34686  0.27753  0.03504  0.00417
 6.00  6800.  0.0   0.32672  0.28973  0.02573  0.00433
 3.00  6900.  0.0   0.45722  0.26783  0.15021  0.00505
 3.50  6900.  0.0   0.45923  0.23351  0.11702  0.00452
 4.00  6900.  0.0   0.45586  0.21170  0.08634  0.00369
 4.50  6900.  0.0   0.40821  0.24123  0.06706  0.00355
 5.00  6900.  0.0   0.38931  0.24662  0.04870  0.00331
 5.50  6900.  0.0   0.34122  0.27959  0.03548  0.00414
 6.00  6900.  0.0   0.31784  0.29412  0.02608  0.00439
 3.00  7000.  0.0   0.44756  0.27543  0.15027  0.00500
 3.50  7000.  0.0   0.45027  0.24029  0.11757  0.00426
 4.00  7000.  0.0   0.44847  0.21743  0.08716  0.00369
 4.50  7000.  0.0   0.40344  0.24397  0.06750  0.00346
 5.00  7000.  0.0   0.38391  0.24950  0.04935  0.00326
 5.50  7000.  0.0   0.33399  0.28371  0.03603  0.00416
 6.00  7000.  0.0   0.30987  0.29793  0.02646  0.00443
 3.00  7200.  0.0   0.42733  0.29159  0.15098  0.00533
 3.50  7200.  0.0   0.43020  0.25671  0.11842  0.00430
 4.00  7200.  0.0   0.43098  0.23004  0.08950  0.00380
 4.50  7200.  0.0   0.39145  0.25196  0.06905  0.00350
 5.00  7200.  0.0   0.37289  0.25556  0.05096  0.00323
 5.50  7200.  0.0   0.32273  0.28908  0.03707  0.00413
 6.00  7200.  0.0   0.29614  0.30401  0.02732  0.00449
 3.00  7400.  0.0   0.41645  0.29720  0.15085  0.00571
 3.50  7400.  0.0   0.41186  0.27071  0.11929  0.00456
 4.00  7400.  0.0   0.41556  0.24120  0.08984  0.00371
 4.50  7400.  0.0   0.35849  0.26815  0.07059  0.00459
 5.00  7400.  0.0   0.36224  0.26246  0.05192  0.00323
 5.50  7400.  0.0   0.31113  0.29547  0.03806  0.00416
 6.00  7400.  0.0   0.28340  0.31006  0.02808  0.00458
 3.00  7600.  0.0   0.40801  0.29984  0.15167  0.00726
 3.50  7600.  0.0   0.39677  0.27980  0.12044  0.00507
 4.00  7600.  0.0   0.35530  0.28594  0.09117  0.00478
 4.50  7600.  0.0   0.37035  0.26470  0.07180  0.00369
 5.00  7600.  0.0   0.35068  0.26933  0.05310  0.00330
 5.50  7600.  0.0   0.29975  0.30208  0.03898  0.00414
 6.00  7600.  0.0   0.27119  0.31671  0.02883  0.00458
 3.00  7800.  0.0   0.39043  0.31132  0.15359  0.00846
 3.50  7800.  0.0   0.36609  0.29737  0.12214  0.00705
 4.00  7800.  0.0   0.35598  0.29053  0.09267  0.00465
 4.50  7800.  0.0   0.35223  0.27705  0.07325  0.00372
 5.00  7800.  0.0   0.33929  0.27621  0.05425  0.00355
 5.50  7800.  0.0   0.28851  0.30863  0.03986  0.00425
 6.00  7800.  0.0   0.25931  0.32327  0.02953  0.00470
 3.00  8000.  0.0   0.36722  0.32870  0.15605  0.00961
 3.50  8000.  0.0   0.37162  0.29103  0.12420  0.00740
 4.00  8000.  0.0   0.35245  0.28703  0.09497  0.00540
 4.50  8000.  0.0   0.33732  0.28568  0.07489  0.00412
 5.00  8000.  0.0   0.33037  0.28032  0.05535  0.00388
 5.50  8000.  0.0   0.27534  0.29995  0.04107  0.00521
 6.00  8000.  0.0   0.24800  0.32915  0.03021  0.00481
 3.00  8200.  0.0   0.34101  0.34747  0.15972  0.01092
 3.50  8200.  0.0   0.34649  0.30763  0.12759  0.00842
 4.00  8200.  0.0   0.35385  0.27812  0.09726  0.00659
 4.50  8200.  0.0   0.32871  0.28641  0.07677  0.00488
 5.00  8200.  0.0   0.32092  0.28088  0.05670  0.00397
 5.50  8200.  0.0   0.26873  0.30269  0.04180  0.00557
 6.00  8200.  0.0   0.23701  0.33567  0.03072  0.00525
 3.00  8400.  0.0   0.32313  0.35885  0.16353  0.01193
 3.50  8400.  0.0   0.32662  0.31950  0.13051  0.00941
 4.00  8400.  0.0   0.34993  0.27496  0.09938  0.00742
 4.50  8400.  0.0   0.32816  0.27861  0.07857  0.00583
 5.00  8400.  0.0   0.30910  0.28545  0.05805  0.00450
 5.50  8400.  0.0   0.26826  0.30388  0.04264  0.00571
 6.00  8400.  0.0   0.22768  0.33972  0.03138  0.00558
 3.00  8600.  0.0   0.30966  0.36564  0.16798  0.01204
 3.50  8600.  0.0   0.31031  0.32839  0.13407  0.01024
 4.00  8600.  0.0   0.31331  0.29756  0.10219  0.00835
 4.50  8600.  0.0   0.32477  0.27396  0.08019  0.00692
 5.00  8600.  0.0   0.30280  0.28352  0.05927  0.00536
 5.50  8600.  0.0   0.28806  0.29020  0.04357  0.00458
 6.00  8600.  0.0   0.22085  0.34136  0.03207  0.00599
 3.00  8800.  0.0   0.29732  0.37597  0.17435  0.01277
 3.50  8800.  0.0   0.29635  0.33692  0.13868  0.01103
 4.00  8800.  0.0   0.29774  0.30630  0.10616  0.00929
 4.50  8800.  0.0   0.30958  0.27994  0.08255  0.00771
 5.00  8800.  0.0   0.30123  0.27599  0.06050  0.00653
 5.50  8800.  0.0   0.28299  0.28707  0.04449  0.00518
 6.00  8800.  0.0   0.21660  0.34025  0.03271  0.00646
 3.00  9000.  0.0   0.28504  0.38926  0.17886  0.01455
 3.50  9000.  0.0   0.28379  0.34620  0.14277  0.01224
 4.00  9000.  0.0   0.28472  0.31267  0.10830  0.01017
 4.50  9000.  0.0   0.28603  0.29216  0.08547  0.00859
 5.00  9000.  0.0   0.29707  0.27129  0.06259  0.00723
 5.50  9000.  0.0   0.27723  0.28415  0.04532  0.00615
 6.00  9000.  0.0   0.21676  0.33490  0.03328  0.00695
 3.00  9200.  0.0   0.27749  0.39417  0.18241  0.01430
 3.50  9200.  0.0   0.27409  0.35226  0.14524  0.01291
 4.00  9200.  0.0   0.27453  0.31673  0.11025  0.01056
 4.50  9200.  0.0   0.27409  0.29719  0.08707  0.00928
 5.00  9200.  0.0   0.28310  0.27667  0.06423  0.00794
 5.50  9200.  0.0   0.27566  0.27596  0.04655  0.00708
 6.00  9200.  0.0   0.22512  0.32014  0.03388  0.00689
 3.00  9400.  0.0   0.26622  0.40730  0.18556  0.01619
 3.50  9400.  0.0   0.26631  0.35667  0.14750  0.01300
 4.00  9400.  0.0   0.26470  0.32285  0.11220  0.01149
 4.50  9400.  0.0   0.26419  0.30132  0.08854  0.00988
 5.00  9400.  0.0   0.26405  0.28546  0.06545  0.00869
 5.50  9400.  0.0   0.27298  0.27104  0.04788  0.00777
 6.00  9400.  0.0   0.23942  0.29399  0.03462  0.00774
 3.00  9600.  0.0   0.25908  0.41181  0.18871  0.01577
 3.50  9600.  0.0   0.25768  0.36325  0.14969  0.01362
 4.00  9600.  0.0   0.25711  0.32643  0.11387  0.01168
 4.50  9600.  0.0   0.25609  0.30618  0.09010  0.01037
 5.00  9600.  0.0   0.25401  0.28964  0.06644  0.00938
 5.50  9600.  0.0   0.26076  0.27592  0.04855  0.00846
 6.00  9600.  0.0   0.25082  0.28107  0.03553  0.00791
 3.00  9800.  0.0   0.24984  0.42065  0.19149  0.01660
 3.50  9800.  0.0   0.24750  0.37295  0.15168  0.01508
 4.00  9800.  0.0   0.24823  0.33333  0.11537  0.01269
 4.50  9800.  0.0   0.24801  0.30880  0.09079  0.01086
 5.00  9800.  0.0   0.24561  0.29296  0.06718  0.00996
 5.50  9800.  0.0   0.24460  0.28287  0.04936  0.00919
 6.00  9800.  0.0   0.24907  0.27559  0.03611  0.00876
 3.00 10000.  0.0   0.24092  0.42809  0.19357  0.01745
 3.50 10000.  0.0   0.24023  0.37655  0.15309  0.01501
 4.00 10000.  0.0   0.24095  0.33734  0.11622  0.01290
 4.50 10000.  0.0   0.24008  0.31405  0.09190  0.01165
 5.00 10000.  0.0   0.23807  0.29638  0.06805  0.01053
 5.50 10000.  0.0   0.23561  0.28673  0.04989  0.00995
 6.00 10000.  0.0   0.24512  0.27379  0.03657  0.00940
 3.00 10200.  0.0   0.23225  0.43499  0.19602  0.01831
 3.50 10200.  0.0   0.23027  0.38584  0.15479  0.01666
 4.00 10200.  0.0   0.23222  0.34434  0.11732  0.01398
 4.50 10200.  0.0   0.23332  0.31748  0.09252  0.01190
 5.00 10200.  0.0   0.23078  0.30046  0.06875  0.01121
 5.50 10200.  0.0   0.22799  0.28965  0.05045  0.01049
 6.00 10200.  0.0   0.23350  0.27874  0.03702  0.01006
 3.00 10400.  0.0   0.22411  0.44014  0.19817  0.01910
 3.50 10400.  0.0   0.22204  0.39117  0.15621  0.01746
 4.00 10400.  0.0   0.22526  0.34783  0.11915  0.01413
 4.50 10400.  0.0   0.22605  0.32208  0.09331  0.01244
 5.00 10400.  0.0   0.22407  0.30404  0.06910  0.01172
 5.50 10400.  0.0   0.22105  0.29272  0.05092  0.01108
 6.00 10400.  0.0   0.21907  0.28570  0.03740  0.01082
 3.00 10600.  0.0   0.21301  0.45102  0.19975  0.02226
 3.50 10600.  0.0   0.21602  0.39157  0.15728  0.01709
 4.00 10600.  0.0   0.21862  0.35022  0.11978  0.01423
 4.50 10600.  0.0   0.21893  0.32643  0.09408  0.01299
 5.00 10600.  0.0   0.21742  0.30785  0.06958  0.01223
 5.50 10600.  0.0   0.21433  0.29620  0.05116  0.01175
 6.00 10600.  0.0   0.21213  0.28852  0.03771  0.01148
 3.00 10800.  0.0   0.20591  0.45339  0.20117  0.02313
 3.50 10800.  0.0   0.20877  0.39443  0.15997  0.01767
 4.00 10800.  0.0   0.21037  0.35565  0.12104  0.01534
 4.50 10800.  0.0   0.21195  0.33010  0.09443  0.01351
 5.00 10800.  0.0   0.21122  0.31100  0.07017  0.01258
 5.50 10800.  0.0   0.20835  0.29892  0.05142  0.01217
 6.00 10800.  0.0   0.20597  0.29084  0.03790  0.01200
 3.00 11000.  0.0   0.19945  0.45463  0.20284  0.02386
 3.50 11000.  0.0   0.20385  0.39272  0.16203  0.01701
 4.00 11000.  0.0   0.20440  0.35679  0.12297  0.01531
 4.50 11000.  0.0   0.20517  0.33356  0.09565  0.01405
 5.00 11000.  0.0   0.20446  0.31490  0.07029  0.01325
 5.50 11000.  0.0   0.20205  0.30251  0.05185  0.01283
 6.00 11000.  0.0   0.20000  0.29339  0.03804  0.01254
 3.00 11200.  0.0   0.19824  0.44549  0.20682  0.02086
 3.50 11200.  0.0   0.19578  0.39766  0.16467  0.01850
 4.00 11200.  0.0   0.19788  0.35914  0.12567  0.01576
 4.50 11200.  0.0   0.19797  0.33771  0.09750  0.01493
 5.00 11200.  0.0   0.19821  0.31793  0.07112  0.01375
 5.50 11200.  0.0   0.19674  0.30436  0.05219  0.01305
 6.00 11200.  0.0   0.19437  0.29898  0.03827  0.01333
 3.00 11400.  0.0   0.19327  0.44446  0.20932  0.02094
 3.50 11400.  0.0   0.19425  0.38479  0.16299  0.01664
 4.00 11400.  0.0   0.19088  0.36142  0.12706  0.01670
 4.50 11400.  0.0   0.19180  0.33984  0.09963  0.01540
 5.00 11400.  0.0   0.19279  0.31987  0.07238  0.01402
 5.50 11400.  0.0   0.19095  0.31027  0.05235  0.01381
 6.00 11400.  0.0   0.18848  0.30175  0.03837  0.01386
 3.00 11600.  0.0   0.18915  0.44254  0.21184  0.02084
 3.50 11600.  0.0   0.18729  0.38683  0.16424  0.01792
 4.00 11600.  0.0   0.18899  0.34932  0.12483  0.01523
 4.50 11600.  0.0   0.18681  0.33909  0.10089  0.01530
 5.00 11600.  0.0   0.18930  0.31215  0.07182  0.01336
 5.50 11600.  0.0   0.18544  0.30928  0.05338  0.01405
 6.00 11600.  0.0   0.18312  0.30371  0.03861  0.01422
 3.00 11800.  0.0   0.18934  0.43209  0.21360  0.01822
 3.50 11800.  0.0   0.18094  0.39238  0.17022  0.01859
 4.00 11800.  0.0   0.18302  0.34942  0.12580  0.01591
 4.50 11800.  0.0   0.18161  0.33842  0.10194  0.01547
 5.00 11800.  0.0   0.18384  0.31270  0.07242  0.01374
 5.50 11800.  0.0   0.18004  0.31447  0.05377  0.01473
 6.00 11800.  0.0   0.17785  0.30582  0.03864  0.01462
 3.00 12000.  0.0   0.18575  0.42928  0.21508  0.01796
 3.50 12000.  0.0   0.17930  0.38495  0.17228  0.01699
 4.00 12000.  0.0   0.17988  0.34432  0.12671  0.01511
 4.50 12000.  0.0   0.17614  0.33814  0.10297  0.01596
 5.00 12000.  0.0   0.17960  0.31098  0.07299  0.01357
 5.50 12000.  0.0   0.17553  0.31465  0.05424  0.01483
 6.00 12000.  0.0   0.17288  0.30711  0.03903  0.01497
